dim 31 31 31 
putbox 1 30 1 30 1 1 0.01 0.02 0.35 0
putbox 30 30 1 30 1 30 0.01 0.02 0.35 1
putbox 0 1 1 30 1 30 0.01 0.02 0.35 1
putbox 1 30 30 30 1 30 0.01 0.02 0.35 1
putbox 0 30 0 1 1 30 0.01 0.02 0.35 0.9
putsphere 20 12 14 7 0.83 0.02 0.01 0.8
putellipsoid 17 11 15 3 1 2 0.02 0.45 0.01 1
putellipsoid 13 11 15 3 1 2 0.02 0.45 0.01 1
putellipsoid 14 12 15 1 3 2 0.02 0.45 0.01 1
putellipsoid 16 11 15 1 3 2 0.02 0.45 0.01 1
putellipsoid 12 11 15 1 3 2 0.02 0.45 0.01 1
putellipsoid 18 11 15 1 4 2 0.02 0.45 0.01 1
